0.7875
0.8
0.725
0.725
0.6875
0.6875
0.7375
0.75
0.65
0.8
0.525
0.825
0.5
0.725
0.5
0.5
0.5
0.5
0.5
0.5
0.5
0.5
0.5
0.4
0.55
0.4
0.5
0.5
0.6
0.5
0.45
0.6176470588235294
0.6470588235294118
0.7647058823529411
0.7352941176470589
0.6470588235294118
0.5294117647058824
0.6470588235294118
0.4411764705882353
0.7647058823529411
0.6176470588235294
0.6176470588235294
0.5882352941176471
0.7647058823529411
0.6764705882352942
0.6470588235294118
0.5882352941176471
0.6470588235294118
0.5294117647058824
0.8157894736842105
0.5526315789473685
0.8157894736842105
0.86
0.5526315789473685
0.6
0.86
0.8421052631578947
0.875
0.375
0.6
0.5263157894736842
0.875
0.625
0.8384615384615385
0.375
0.5
0.8421052631578947
0.5
0.82
0.5
0.5263157894736842
0.48
0.6846153846153846
0.82
0.8384615384615385
0.6
0.7230769230769231
0.7615384615384615
0.5692307692307692
0.7923076923076923
0.6
0.8333333333333334
0.5
0.8333333333333334
0.5
0.5
0.6666666666666666
0.6666666666666666
0.5
0.625
0.4375
0.625
0.4375
0.6875
0.375
0.75
0.4375
0.625
0.625
0.8333333333333334
0.5
0.8333333333333334
0.6666666666666666
0.5
0.5
0.5
0.6666666666666666
0.625
0.625
0.625
0.5
0.5625
0.5625
0.625
0.5625
0.7142857142857143
0.5714285714285714
0.7142857142857143
0.6428571428571429
0.5
0.5714285714285714
0.42857142857142855
0.5
0.59375
0.5
0.59375
0.53125
0.59375
0.53125
0.625
0.53125
0.65625
0.71875
0.65625
0.6875
0.625
0.40625
0.59375
0.4375
0.59375
0.625
0.59375
0.5625
0.75
0.5
0.65625
0.5625
0.65625
0.71875
0.65625
0.6875
0.625
0.65625
0.6875
0.5625
0.59375
0.625
0.59375
0.8125
0.71875
0.5625
0.625
0.34375
0.625
0.53125
0.71875
0.625
0.59375
0.625
0.5625
0.625
0.5625
0.59375
0.625
0.625
0.5625
0.5
0.625
0.59375
0.65625
0.59375
0.53125
0.46875
0.53125
0.625
0.53125
0.53125
0.53125
0.46875
0.5
0.46875
0.5
0.5625
0.5
0.5
0.5
0.5
0.59375
0.775
0.775
0.4375
0.5625
0.59375
0.59375
0.5
0.5625
0.5625
0.65625
0.6875
0.59375
0.6875
0.5625
0.5625
0.5625
0.59375
0.65625
0.4375
0.375
0.4375
0.7142857142857143
0.7857142857142857
0.5
0.7857142857142857
0.6428571428571429
0.7142857142857143
0.7857142857142857
0.7142857142857143
0.6428571428571429
0.5714285714285714
0.6428571428571429
0.7857142857142857
0.5
0.5
0.42857142857142855
0.42857142857142855
0.42857142857142855
0.5
0.42857142857142855
0.35714285714285715
0.35714285714285715
0.5
0.35714285714285715
0.42857142857142855
0.35714285714285715
0.42857142857142855
0.5
0.42857142857142855
0.5
0.5
0.5
0.35714285714285715
0.8
0.8
0.6
0.7
0.7
0.6
0.7
0.6
0.6
0.5
0.7
0.6
0.4
0.6
0.6
0.5
0.5
0.5
0.5
0.4
0.5
0.5
0.4
0.5
0.5
0.6
0.5
0.6
0.6
0.6
0.5
0.6
0.5
0.7875
0.7625
0.7
0.7625
0.7875
0.7625
0.7375
0.75
0.6375
0.775
0.7625
0.7125
0.75
0.725
0.6875
0.5625
0.775
0.7125
0.6875
0.625
0.55
0.6375
0.675
0.6125
0.7375
0.6875
0.6875
0.7
0.575
0.6
0.675
0.7125
