0.8468749999999999
0.84375
0.8075
0.8075
0.7681250000000001
0.7681250000000001
0.824375
0.8875
0.655
0.8875
0.6625
0.8525
0.755
0.82
0.4875
0.4444444444444445
0.6666666666666666
0.4444444444444445
1.0
0.6666666666666667
0.0
0.6666666666666667
0.5555555555555556
0.51
0.6
0.51
0.65
0.65
0.56
0.65
0.57
0.7820069204152249
0.6885813148788926
0.8339100346020762
0.7474048442906575
0.889273356401384
0.4117647058823529
0.7647058823529411
0.4740484429065744
0.8339100346020762
0.7820069204152249
0.7820069204152249
0.6747404844290658
0.8339100346020762
0.6955017301038062
0.889273356401384
0.6505190311418685
0.7647058823529411
0.6816608996539792
0.7922437673130194
0.6426592797783934
0.8254847645429364
0.9328
0.6011080332409973
0.5232
0.9328
0.8975069252077562
0.875
0.375
0.6000000000000001
0.4986149584487535
0.875
0.625
0.9334911242603551
0.625
0.8125
0.922437673130194
0.25
0.9104
0.6875
0.6703601108033241
0.5887999999999999
0.781301775147929
0.8976
0.9334911242603551
0.5552
0.7656804733727811
0.8537278106508877
0.6156213017751478
0.8449704142011835
0.6409467455621302
0.888888888888889
0.888888888888889
0.888888888888889
0.6666666666666667
0.5555555555555556
0.33333333333333337
0.5555555555555556
0.11111111111111112
0.625
0.3125
0.625
0.34375
0.765625
0.296875
0.8125
0.28125
0.625
0.625
1.0
0.7777777777777779
1.0
0.7777777777777778
0.4444444444444445
0.4444444444444445
0.5555555555555556
0.4444444444444445
0.625
0.609375
0.625
0.40625
0.734375
0.4375
0.6875
0.625
0.673469387755102
0.3469387755102041
0.673469387755102
0.6938775510204082
0.5510204081632654
0.4285714285714286
0.3877551020408163
0.4693877551020408
0.630859375
0.4609375
0.630859375
0.64453125
0.64453125
0.50390625
0.6484375
0.5234375
0.638671875
0.7421875
0.638671875
0.765625
0.634765625
0.36328125
0.666015625
0.54296875
0.677734375
0.63671875
0.677734375
0.66796875
0.734375
0.5625
0.69140625
0.55859375
0.673828125
0.7578125
0.673828125
0.734375
0.72265625
0.6171875
0.70703125
0.58203125
0.6328125
0.65234375
0.6328125
0.796875
0.7109375
0.52734375
0.681640625
0.40625
0.59375
0.705078125
0.759765625
0.77734375
0.630859375
0.755859375
0.62109375
0.619140625
0.65625
0.6328125
0.619140625
0.6640625
0.68359375
0.529296875
0.6484375
0.666015625
0.68359375
0.6640625
0.60546875
0.603515625
0.62890625
0.681640625
0.609375
0.603515625
0.681640625
0.541015625
0.57421875
0.595703125
0.556640625
0.671875
0.560546875
0.53125
0.57421875
0.5
0.6171875
0.865
0.865
0.40625
0.578125
0.6171875
0.6171875
0.580078125
0.564453125
0.572265625
0.6796875
0.650390625
0.6328125
0.69921875
0.6484375
0.53125
0.59375
0.59375
0.625
0.390625
0.390625
0.5
0.7142857142857144
0.6326530612244897
0.5714285714285714
0.673469387755102
0.6326530612244897
0.653061224489796
0.6530612244897959
0.5510204081632653
0.6326530612244897
0.5918367346938775
0.6326530612244897
0.6530612244897959
0.4285714285714286
0.5102040816326531
0.5714285714285714
0.5306122448979592
0.3877551020408163
0.4285714285714286
0.4897959183673469
0.4489795918367347
0.36734693877551017
0.36734693877551017
0.40816326530612246
0.4285714285714286
0.3673469387755102
0.3877551020408163
0.46938775510204084
0.5306122448979592
0.3673469387755102
0.36734693877551017
0.3469387755102041
0.40816326530612246
0.76
0.76
0.88
0.92
0.6799999999999999
0.8
0.92
0.8
0.6000000000000001
0.68
0.48
0.52
0.36
0.48000000000000004
0.52
0.24000000000000002
0.44
0.6
0.6
0.4800000000000001
0.36
0.56
0.44000000000000006
0.6
0.4
0.72
0.64
0.6799999999999999
0.5599999999999999
0.52
0.52
0.56
0.48
0.8643749999999999
0.82375
0.8725
0.771875
0.8825
0.850625
0.855
0.880625
0.7293750000000001
0.825
0.8693749999999999
0.8556250000000001
0.8193750000000001
0.814375
0.80875
0.7590625
0.7949999999999999
0.8118750000000001
0.78875
0.78375
0.571875
0.75
0.785625
0.8
0.7943749999999999
0.8493750000000001
0.7968749999999999
0.8337500000000001
0.566875
0.714375
0.77
0.8293750000000001
